
Видео 1

{1024=[2072, 2042, 2018], 8192=[2732, 2807, 2610], 4096=[2264, 2147, 2220],
 2048=[2095, 2136, 2058], 512=[1964, 2004, 1982], 256=[2039, 1967, 1996], 128=[1996, 1967, 2055],
 64=[1889, 1887, 1889], 1=[10919, 10867, 10865], 2=[5575, 5539, 5571], 3=[3779, 3811, 3791],
 4=[2925, 2948, 3088], 5=[2914, 2858, 2885], 6=[2591, 2596, 2556], 7=[2482, 2483, 2460],
 72=[1839, 1931, 1935], 8=[2377, 2282, 2302], 9=[2215, 2193, 2203], 10=[2092, 1999, 2036],
  11=[1883, 1913, 1982], 12=[1899, 1844, 1906], 16=[1890, 1881, 1867], 20=[1901, 1862, 1937],
   24=[1892, 1888, 1930], 28=[1857, 1928, 1874], 96=[1993, 2029, 2026], 32=[1880, 1957, 1919], 48=[1927, 1846, 1887]}


Видео 2

{1024=[20999, 20989, 21379], 8192=[23150, 23451, 22612], 4096=[21149, 21657, 21126], 2048=[20724, 20320, 20779],
 512=[21483, 21642, 21280], 256=[20920, 21152, 21436], 128=[20762, 21118, 21340],
  64=[21640, 21777, 21984], 1=[113028, 113170, 113060], 2=[60008, 60431, 59618],
  3=[43028, 42388, 42352], 4=[34039, 33639, 33956], 5=[29415, 29115, 29172],
   6=[25513, 24372, 24450], 7=[22924, 23460, 21268], 72=[20951, 21417, 20692], 8=[22808, 22879, 22644],
   9=[21555, 22003, 22497], 10=[22528, 21490, 22163], 11=[21925, 21480, 20558], 12=[21807, 23033, 21389],
   16=[21328, 21153, 22612], 20=[21842, 21487, 21211], 24=[22134, 20573, 19657], 28=[20057, 20173, 19850],
   96=[21450, 21049, 20639], 32=[21227, 20153, 20656], 48=[21781, 22208, 21580]}


Видео 3

{1024=[26360, 26223, 26176], 8192=[27445, 26978, 26839], 4096=[26421, 26432, 26304],
2048=[26917, 26887, 26334], 512=[27001, 27659, 27721], 256=[27229, 27020, 27192], 128=[27301, 27221, 26630],
64=[28879, 28805, 28702], 1=[143184, 142417, 142825], 2=[73025, 73087, 72841], 3=[50472, 50351, 50048],
 4=[38917, 38876, 38767], 5=[32811, 32814, 32457], 6=[28977, 28563, 29069], 7=[28261, 28182, 28232],
 72=[28982, 28798, 28972], 8=[27964, 27851, 27922], 9=[27690, 27322, 27316], 10=[26945, 26942, 28787],
 11=[27142, 27010, 29946], 12=[29651, 27560, 26466], 16=[26361, 26347, 26394], 20=[26480, 26498, 26205],
  24=[26748, 30523, 29307], 28=[29359, 29466, 29862], 96=[28777, 28900, 28953], 32=[27545, 28882, 29234],
   48=[29247, 28001, 29249]}




